rostopic echo /scan | head -20
header: 
  seq: 537
  stamp: 
    secs: 1776836254
    nsecs:  55933981
  frame_id: "laser_link"
angle_min: 0.0
angle_max: 6.2831854820251465
angle_increment: 0.017501909285783768
time_increment: 3.378872577286529e-07
scan_time: 0.00012130152754252777
range_min: 0.15000000596046448
range_max: 8.0
ranges: [0.3310000002384186, 0.3370000123977661, 0.33399999141693115, 0.34299999475479126, 0.35100001096725464, 0.35899999737739563, 0.36800000071525574, 0.37700000405311584, 0.3869999945163727, 0.3970000147819519, 0.40799999237060547, 0.42500001192092896, 0.42899999022483826, 0.4440000057220459, 0.4580000042915344, 0.4729999899864197, 0.4880000054836273, inf, 0.5339999794960022, 0.5550000071525574, 0.5920000076293945, 0.6169999837875366, inf, 1.930999994277954, inf, inf, inf, 0.27799999713897705, inf, inf, inf, inf, inf, inf, inf, inf, 1.6200000047683716, 1.6200000047683716, 1.61899995803833, 1.6089999675750732, 1.61899995803833, 1.6200000047683716, 1.6030000448226929, inf, inf, inf, inf, inf, inf, inf, inf, inf, inf, inf, 0.921999990940094, 0.8899999856948853, 0.8889999985694885, 0.8830000162124634, 0.875, 0.8930000066757202, 0.8659999966621399, 0.8629999756813049, 0.8510000109672546, 0.8299999833106995, 0.8130000233650208, 0.7820000052452087, 0.7689999938011169, 0.7699999809265137, 0.7710000276565552, 0.7680000066757202, 0.7620000243186951, 0.7549999952316284, 0.7509999871253967, 0.7390000224113464, 0.7269999980926514, 0.6959999799728394, 0.6880000233650208, 0.6840000152587891, 0.6809999942779541, 0.6800000071525574, 0.6790000200271606, 0.6639999747276306, 0.6729999780654907, 0.6620000004768372, 0.6570000052452087, 0.6499999761581421, 0.6510000228881836, 0.6539999842643738, 0.6579999923706055, 0.6620000004768372, 0.6639999747276306, 0.6700000166893005, 0.7039999961853027, inf, inf, inf, inf, inf, inf, 0.9309999942779541, 0.9010000228881836, 0.8759999871253967, 0.8700000047683716, 0.871999979019165, 0.875, 0.8610000014305115, 0.847000002861023, 0.8299999833106995, 0.824999988079071, 0.8159999847412109, 0.8019999861717224, 0.7940000295639038, 0.7860000133514404, 0.7990000247955322, 0.7720000147819519, 0.7570000290870667, 0.7419999837875366, 0.7519999742507935, 0.7400000095367432, 0.7250000238418579, 0.7049999833106995, 0.6899999976158142, 0.6899999976158142, 0.6980000138282776, 0.703000009059906, 0.7120000123977661, 0.7289999723434448, 0.734000027179718, 0.7649999856948853, 0.765999972820282, 0.7979999780654907, inf, 0.6119999885559082, 0.5920000076293945, 0.5820000171661377, 0.5759999752044678, 0.574999988079071, 0.578000009059906, 0.5820000171661377, 0.5830000042915344, 0.5849999785423279, 0.5879999995231628, 0.5929999947547913, 0.6150000095367432, inf, inf, inf, inf, inf, inf, inf, 4.488999843597412, 4.488999843597412, inf, inf, inf, 4.75600004196167, 4.75600004196167, inf, inf, inf, 5.058000087738037, inf, inf, inf, inf, inf, inf, inf, inf, inf, inf, inf, inf, inf, inf, inf, inf, inf, inf, inf, inf, inf, inf, inf, inf, inf, inf, inf, inf, inf, inf, 2.246999979019165, 2.2100000381469727, 2.193000078201294, 2.1570000648498535, 2.1470000743865967, 2.134000062942505, 2.0889999866485596, 2.072999954223633, 2.059999942779541, 2.0480000972747803, 2.0320000648498535, 2.0239999294281006, 2.007999897003174, inf, inf, 1.9570000171661377, 1.934000015258789, 1.9559999704360962, 1.940000057220459, 1.9529999494552612, 1.9529999494552612, inf, 2.3610000610351562, inf, inf, 3.374000072479248, 3.5769999027252197, 3.503999948501587, 3.499000072479248, 3.503999948501587, 3.503999948501587, 3.5769999027252197, inf, inf, 3.4189999103546143, inf, inf, inf, inf, inf, inf, 3.503999948501587, 3.572000026702881, inf, inf, inf, inf, inf, inf, inf, inf, inf, inf, inf, inf, inf, 1.4190000295639038, inf, 1.3819999694824219, 1.4049999713897705, inf, inf, inf, inf, inf, inf, inf, inf, inf, inf, 1.3930000066757202, inf, inf, inf, inf, inf, inf, 1.430999994277954, inf, inf, inf, inf, inf, inf, inf, inf, inf, inf, inf, inf, inf, inf, inf, inf, inf, inf, inf, inf, inf, inf, inf, inf, inf, inf, inf, inf, inf, inf, inf, inf, inf, inf, inf, inf, inf, inf, inf, inf, 0.37700000405311584, 0.3700000047683716, 0.36899998784065247, 0.36800000071525574, 0.367000013589859, 0.3659999966621399, 0.3659999966621399, 0.36500000953674316, 0.3659999966621399, 0.36500000953674316, 0.36500000953674316, 0.367000013589859, 0.36800000071525574, 0.36899998784065247, 0.3700000047683716, 0.3720000088214874, 0.37400001287460327, 0.375, inf, inf, inf, 0.8050000071525574, 0.8100000023841858, 0.7480000257492065, 0.7139999866485596, 0.6850000023841858, 0.6740000247955322, 0.6779999732971191, 0.6859999895095825, 0.6899999976158142, inf, inf, 0.5040000081062317, 0.49900001287460327, 0.47699999809265137, 0.4659999907016754, 0.45399999618530273, 0.43700000643730164, 0.4230000078678131, 0.4189999997615814, 0.39899998903274536, 0.39399999380111694, 0.3840000033378601, 0.3779999911785126, 0.3700000047683716, 0.3630000054836273, 0.35499998927116394, 0.3490000069141388, 0.34299999475479126, 0.335999995470047]
intensities: [0.0, 0.0, 0.0, 0.0, 0.0, 0.0, 0.0, 0.0, 0.0, 0.0, 0.0, 0.0, 0.0, 0.0, 0.0, 0.0, 0.0, 0.0, 0.0, 0.0, 0.0, 0.0, 0.0, 0.0, 0.0, 0.0, 0.0, 0.0, 0.0, 0.0, 0.0, 0.0, 0.0, 0.0, 0.0, 0.0, 0.0, 0.0, 0.0, 0.0, 0.0, 0.0, 0.0, 0.0, 0.0, 0.0, 0.0, 0.0, 0.0, 0.0, 0.0, 0.0, 0.0, 0.0, 0.0, 0.0, 0.0, 0.0, 0.0, 0.0, 0.0, 0.0, 0.0, 0.0, 0.0, 0.0, 0.0, 0.0, 0.0, 0.0, 0.0, 0.0, 0.0, 0.0, 0.0, 0.0, 0.0, 0.0, 0.0, 0.0, 0.0, 0.0, 0.0, 0.0, 0.0, 0.0, 0.0, 0.0, 0.0, 0.0, 0.0, 0.0, 0.0, 0.0, 0.0, 0.0, 0.0, 0.0, 0.0, 0.0, 0.0, 0.0, 0.0, 0.0, 0.0, 0.0, 0.0, 0.0, 0.0, 0.0, 0.0, 0.0, 0.0, 0.0, 0.0, 0.0, 0.0, 0.0, 0.0, 0.0, 0.0, 0.0, 0.0, 0.0, 0.0, 0.0, 0.0, 0.0, 0.0, 0.0, 0.0, 0.0, 0.0, 0.0, 0.0, 0.0, 0.0, 0.0, 0.0, 0.0, 0.0, 0.0, 0.0, 0.0, 0.0, 0.0, 0.0, 0.0, 0.0, 0.0, 0.0, 0.0, 0.0, 0.0, 0.0, 0.0, 0.0, 0.0, 0.0, 0.0, 0.0, 0.0, 0.0, 0.0, 0.0, 0.0, 0.0, 0.0, 0.0, 0.0, 0.0, 0.0, 0.0, 0.0, 0.0, 0.0, 0.0, 0.0, 0.0, 0.0, 0.0, 0.0, 0.0, 0.0, 0.0, 0.0, 0.0, 0.0, 0.0, 0.0, 0.0, 0.0, 0.0, 0.0, 0.0, 0.0, 0.0, 0.0, 0.0, 0.0, 0.0, 0.0, 0.0, 0.0, 0.0, 0.0, 0.0, 0.0, 0.0, 0.0, 0.0, 0.0, 0.0, 0.0, 0.0, 0.0, 0.0, 0.0, 0.0, 0.0, 0.0, 0.0, 0.0, 0.0, 0.0, 0.0, 0.0, 0.0, 0.0, 0.0, 0.0, 0.0, 0.0, 0.0, 0.0, 0.0, 0.0, 0.0, 0.0, 0.0, 0.0, 0.0, 0.0, 0.0, 0.0, 0.0, 0.0, 0.0, 0.0, 0.0, 0.0, 0.0, 0.0, 0.0, 0.0, 0.0, 0.0, 0.0, 0.0, 0.0, 0.0, 0.0, 0.0, 0.0, 0.0, 0.0, 0.0, 0.0, 0.0, 0.0, 0.0, 0.0, 0.0, 0.0, 0.0, 0.0, 0.0, 0.0, 0.0, 0.0, 0.0, 0.0, 0.0, 0.0, 0.0, 0.0, 0.0, 0.0, 0.0, 0.0, 0.0, 0.0, 0.0, 0.0, 0.0, 0.0, 0.0, 0.0, 0.0, 0.0, 0.0, 0.0, 0.0, 0.0, 0.0, 0.0, 0.0, 0.0, 0.0, 0.0, 0.0, 0.0, 0.0, 0.0, 0.0, 0.0, 0.0, 0.0, 0.0, 0.0, 0.0, 0.0, 0.0, 0.0, 0.0, 0.0, 0.0, 0.0, 0.0, 0.0, 0.0, 0.0, 0.0, 0.0, 0.0, 0.0, 0.0, 0.0, 0.0, 0.0, 0.0, 0.0, 0.0, 0.0, 0.0, 0.0, 0.0, 0.0, 0.0, 0.0, 0.0, 0.0, 0.0, 0.0, 0.0, 0.0, 0.0, 0.0, 0.0, 0.0]
---
header: 
  seq: 538
  stamp: 
    secs: 1776836254

sudo apt install -y \
    ros-noetic-gmapping \
    ros-noetic-amcl \
    ros-noetic-move-base \
    ros-noetic-map-server \
    ros-noetic-laser-scan-matcher \
    ros-noetic-navigation
